255
255
255
255
254
255
255
255
254
255
255
255
255
255
255
255
255
255
255
255
255
255
255
255
255
255
255
255
255
255
255
255
255
255
255
255
255
255
255
255
255
255
255
255
255
255
255
255
255
255
255
255
255
255
192
0
0
0
1
2
3
3
5
7
9
10
9
11
13
15
14
15
15
18
19
20
21
21
23
24
27
27
28
29
29
31
31
31
33
34
35
38
37
37
40
41
41
41
43
44
46
46
47
47
50
51
50
53
52
54
54
55
55
57
57
58
59
60
62
63
63
63
64
63
65
65
66
69
69
70
70
72
72
73
73
74
75
75
76
77
79
79
79
80
79
83
82
84
84
85
85
87
88
87
88
89
89
91
91
92
91
93
93
96
95
96
95
97
98
98
99
101
102
101
102
102
103
103
105
106
105
106
107
107
108
110
110
109
112
111
111
114
112
115
115
115
116
115
116
118
119
119
119
120
120
120
121
121
123
124
125
125
125
126
125
125
127
127
128
127
129
128
131
130
132
132
132
133
134
133
134
135
137
135
137
138
137
138
139
138
140
140
140
141
141
142
142
142
144
144
144
143
144
146
146
145
146
148
147
147
149
150
149
151
151
151
152
152
153
153
154
155
154
155
156
156
157
155
156
158
157
159
158
158
159
159
160
161
159
161
161
162
162
163
164
163
164
163
164
165
165
166
167
166
166
166
166
167
167
169
170
169
170
169
170
169
172
171
172
171
172
173
174
173
174
173
175
174
175
175
175
175
175
177
178
177
179
179
179
180
179
179
179
180
182
181
182
182
181
181
183
183
182
184
184
183
183
184
183
186
185
186
186
187
186
187
187
186
187
187
189
187
190
190
190
191
190
189
191
190
189
192
191
192
192
193
192
193
193
193
193
193
193
195
195
195
194
195
195
195
197
197
127
197
198
198
197
198
198
197
198
199
199
199
199
200
200
199
201
199
200
202
201
201
202
203
202
202
203
202
203
204
203
204
204
203
205
205
206
206
205
206
206
207
206
205
207
205
208
207
208
208
207
207
208
207
208
209
209
209
209
210
209
210
210
211
212
210
211
211
211
212
211
213
212
213
211
214
214
214
213
214
214
213
213
214
213
214
215
215
214
214
217
215
214
216
215
216
215
217
217
216
218
217
217
218
218
218
219
218
217
219
218
218
219
220
220
218
219
218
219
220
220
220
221
220
220
220
221
222
221
222
222
222
221
222
221
222
221
221
222
222
224
223
222
223
223
223
223
223
224
224
223
223
225
225
225
226
226
225
225
225
225
225
226
225
226
225
227
227
226
226
227
228
226
227
228
227
227
227
228
227
229
228
229
228
228
228
229
229
230
230
229
230
230
227
229
230
230
229
230
230
229
230
231
229
231
231
230
231
232
231
231
232
232
231
232
231
232
232
231
232
232
233
231
233
233
231
231
234
233
233
234
233
233
233
231
234
234
234
233
234
234
235
234
233
234
234
234
235
235
233
235
235
236
235
235
236
234
236
235
236
236
236
235
236
236
236
237
236
236
235
236
236
237
237
238
238
235
238
238
237
238
238
238
236
237
238
237
239
237
238
237
239
238
238
237
239
238
239
238
239
239
240
239
240
240
239
239
240
240
239
241
240
239
240
240
239
240
241
240
241
239
240
238
240
239
240
242
239
241
242
242
240
239
241
241
241
241
241
242
241
242
242
242
241
242
243
241
241
242
242
242
241
242
242
241
243
242
243
243
244
242
242
242
244
241
241
242
243
242
242
244
244
243
244
244
243
243
243
244
244
245
244
244
243
245
244
244
245
244
244
244
244
244
244
244
243
245
246
244
244
246
243
245
245
245
244
245
245
246
246
245
245
245
246
245
245
245
245
245
245
246
244
245
246
246
246
246
246
246
247
245
245
246
246
245
246
246
247
247
247
247
245
246
246
245
246
246
246
248
248
247
247
247
247
246
247
248
247
247
246
247
246
248
248
248
248
248
247
248
248
248
248
248
249
247
248
247
247
247
249
248
248
247
248
247
248
248
249
247
248
249
248
248
247
247
249
247
249
249
248
247
250
249
249
248
249
249
247
250
249
248
249
249
249
249
249
249
250
249
250
248
250
249
248
250
250
248
250
249
250
250
248
250
250
249
250
249
251
249
249
250
249
250
250
250
251
250
251
250
250
249
251
251
250
250
250
250
250
249
249
250
251
251
252
249
251
251
250
251
251
252
252
250
250
252
251
250
251
252
250
251
250
250
252
249
250
252
252
251
252
251
251
252
251
250
251
252
252